01 41 
00 EF 

5B 11 5E EF 

00 00 
00 00 
01 EF 01 EF 01 EF 01 EF 01 EF 01 EF 01 EF 01 EF 00 00 00 00 00 00 00 00 00 00 00 00 00 00 00 00 00 00 EF 02 1B 23 00 00 00 00 00 00 00 00 00 00 00 00 00 00 00 00 00 00 00 00 00 00 00 00 00 00 00 00 00 00 00 00 00 00 00 00 00 00 00 00 00 00 5B 11 5F 15 00 00 00 00 01 EF 01 EF 01 EF 01 EF 01 EF 01 EF 01 EF 01 EF 00 00 00 00 00 00 00 00 00 00 00 00 00 00 00 00 00 00 EF 02 0F 23 00 00 00 00 00 00 00 00 00 00 00 00 00 00 00 00 00 00 00 00 00 00 00 00 00 00 00 00 00 00 00 00 00 00 00 00 00 00 00 00 00 

00 58 



-------------------------------------------


01 41 
00 B0 
5B 11 59 EE 
00 00 
00 00 
01 90 01 90 01 90 01 90 01 8F 01 8F 01 8F 01 8F 00 00 00 00 00 00 00 00 00 00 00 00 00 00 00 00 00 00 E7 02 10 23 00 00 00 00 00 00 00 00 00 00 00 00 00 00 00 00 00 00 00 00 00 00 00 00 00 00 00 00 00 00 00 00 00 00 00 00 00 00 00 00 00 00 

5B 11 5A 2A 
00 00 
00 00 
01 90 01 90 01 90 01 90 01 8F 01 8F 01 8F 01 8F 00 00 00 00 00 00 00 00 00 00 00 00 00 00 00 00 00 00 E7 02 18 23 00 00 00 00 00 00 00 00 00 00 00 00 00 00 00 00 00 00 00 00 00 00 00 00 00 00 00 00 00 00 00 00 00 00 00 00 00 00 00 00 00 00 

48 FC